dem_1k.asc
NCOLS 470
NROWS 445
XLLCORNER 4593478.6751383599
YLLCORNER 2181874.7325516599
CELLSIZE 1000.000000
NODATA_VALUE -9999.0000
[rows 308 to 335 of 445, columns 320 to 383 of 470]
1359.2000 1461.0000 1501.9000 1463.4000 1441.9000 1438.4000 1425.0000 1302.8000 1288.6000 1283.9000 1297.3000 1411.2000 1496.0000 1541.8000 1488.4000 1483.9000 1440.4000 1414.4000 1354.1000 1229.9000 1024.2000 982.8000 966.8000 728.7000 872.5000 745.4000 691.7000 585.7000 542.4000 718.9000 374.1000 513.3000 611.1000 445.7000 308.8000 342.4000 454.6000 474.7000 547.3000 448.2000 392.2000 546.1000 652.3000 415.6000 516.5000 398.3000 290.7000 297.1000 319.7000 414.5000 377.6000 371.5000 617.9000 794.7000 774.2000 855.1000 1005.5000 1214.2000 1267.0000 1258.8000 1272.1000 1250.2000 1315.5000 1435.8000
1331.8000 1395.9000 1427.5000 1405.6000 1420.3000 1497.5000 1446.0000 1337.5000 1342.3000 1359.8000 1447.6000 1598.7000 1604.5000 1658.2000 1601.5000 1445.6000 1314.3000 1296.4000 1256.6000 1229.9000 1268.8000 1347.7000 1323.9000 984.3000 1130.8000 1053.5000 1159.7000 1088.2000 550.8000 596.3000 514.3000 302.6000 292.0000 480.4000 423.9000 383.1000 465.9000 668.7000 828.8000 643.7000 699.0000 801.1000 778.8000 447.7000 676.1000 466.3000 376.8000 436.0000 314.0000 294.9000 354.9000 594.6000 748.0000 809.8000 738.1000 744.4000 855.6000 1085.6000 1182.8000 1254.1000 1307.9000 1344.5000 1304.9000 1292.3000
1292.9000 1320.3000 1351.7000 1386.1000 1409.4000 1426.1000 1394.4000 1379.4000 1394.8000 1439.0000 1663.9000 1778.6000 1837.4000 1850.1000 1764.3000 1446.7000 1256.7000 1209.1000 1194.6000 1207.0000 1314.7000 1376.8000 1447.0000 1337.5000 1313.7000 1445.7000 1502.9000 1196.0000 807.4000 445.8000 649.9000 489.8000 259.9000 211.8000 266.2000 289.9000 357.2000 575.1000 821.4000 960.5000 1026.6000 992.1000 963.4000 461.8000 705.6000 588.3000 530.6000 479.4000 427.0000 367.1000 326.0000 538.4000 625.8000 603.0000 434.7000 468.8000 896.8000 1181.4000 1222.0000 1247.3000 1264.6000 1259.3000 1276.0000 1288.4000
1213.8000 1235.6000 1292.4000 1315.0000 1346.7000 1363.9000 1373.8000 1428.1000 1434.4000 1565.3000 1731.9000 1796.3000 1914.0000 1910.9000 1760.3000 1465.9000 1245.2000 1225.8000 1230.2000 1230.0000 1366.2000 1446.7000 1496.5000 1472.9000 1374.2000 1486.9000 1638.5000 1554.7000 1201.0000 641.5000 364.4000 330.5000 300.8000 220.9000 279.6000 355.5000 442.0000 446.9000 825.6000 1250.2000 1262.1000 1172.5000 1039.1000 474.7000 641.8000 866.3000 833.3000 588.6000 473.2000 366.1000 334.2000 312.9000 404.4000 402.4000 538.0000 686.5000 1055.7000 1189.8000 1268.5000 1237.0000 1243.4000 1185.7000 1211.6000 1312.1000
1041.1000 1032.5000 1097.0000 1175.8000 1252.4000 1355.0000 1406.1000 1505.6000 1567.6000 1695.0000 1772.0000 1775.6000 1909.1000 1902.0000 1662.5000 1355.3000 1241.7000 1247.1000 1240.8000 1288.4000 1509.5000 1582.9000 1560.9000 1568.4000 1508.3000 1613.7000 1764.0000 1794.7000 1408.3000 842.1000 552.2000 645.2000 665.0000 297.5000 186.8000 345.5000 309.7000 360.7000 559.9000 999.5000 1310.3000 1138.1000 841.1000 486.4000 791.3000 933.3000 1071.7000 761.0000 546.5000 478.4000 421.0000 462.3000 561.9000 415.6000 416.4000 534.8000 797.5000 1189.5000 1296.4000 1287.5000 1229.5000 1196.3000 1061.8000 1096.6000
913.5000 928.8000 951.3000 1012.2000 1135.1000 1382.4000 1461.1000 1529.4000 1692.9000 1777.5000 1824.2000 1834.2000 1874.7000 1688.5000 1396.6000 1245.9000 1240.3000 1252.4000 1284.6000 1454.2000 1763.6000 1761.6000 1606.3000 1615.2000 1732.2000 1768.7000 1800.8000 1575.1000 1438.0000 1222.3000 982.8000 974.9000 591.1000 281.5000 245.8000 290.6000 247.9000 373.1000 626.7000 793.2000 1131.5000 914.1000 580.0000 803.5000 887.4000 1183.5000 1203.0000 899.6000 576.2000 474.4000 383.4000 520.9000 764.0000 713.1000 378.7000 447.9000 673.0000 943.5000 1117.0000 1190.8000 1146.4000 909.9000 637.2000 624.7000
894.6000 909.1000 933.9000 1030.6000 1227.0000 1412.2000 1435.0000 1615.3000 1837.6000 1864.3000 1872.7000 1885.8000 1777.1000 1430.5000 1224.8000 1228.1000 1236.1000 1266.9000 1385.4000 1575.4000 1844.0000 1868.4000 1713.0000 1696.4000 1838.5000 1955.6000 1832.9000 1615.5000 1570.8000 1458.9000 1292.5000 1114.7000 577.2000 214.3000 234.5000 240.3000 390.3000 435.5000 436.1000 599.1000 855.0000 725.4000 828.4000 1088.6000 1333.6000 1359.1000 1309.0000 967.3000 690.0000 472.6000 468.9000 614.0000 799.4000 810.8000 463.3000 379.9000 566.8000 608.0000 944.5000 1156.4000 1081.1000 644.5000 826.6000 872.0000
904.9000 928.9000 970.6000 1066.1000 1194.0000 1329.3000 1423.4000 1523.6000 1631.2000 1622.6000 1532.5000 1505.2000 1473.1000 1313.0000 1202.8000 1241.4000 1218.7000 1194.2000 1472.6000 1749.5000 1828.8000 1867.0000 1920.8000 1875.1000 1814.7000 1689.0000 1353.6000 1077.6000 1100.2000 1195.8000 1292.5000 944.2000 361.9000 307.8000 253.8000 350.8000 335.7000 492.5000 674.2000 716.9000 862.2000 839.5000 979.7000 1378.5000 1514.8000 1415.2000 1438.6000 1141.8000 754.2000 494.8000 682.0000 936.0000 839.9000 753.5000 669.5000 429.1000 434.1000 512.5000 840.2000 997.1000 919.7000 729.3000 1298.7000 1334.6000
1022.9000 962.4000 1042.9000 1139.1000 1201.5000 1289.2000 1331.0000 1397.1000 1493.9000 1498.0000 1399.5000 1321.1000 1266.4000 1214.2000 1193.4000 1240.0000 1269.2000 1381.2000 1474.9000 1686.7000 1686.3000 1853.8000 1814.3000 1812.2000 1571.1000 1120.5000 960.2000 815.2000 593.5000 636.7000 795.0000 771.9000 338.0000 615.7000 471.7000 395.2000 672.0000 664.7000 962.2000 1111.2000 1347.9000 1260.3000 1059.8000 1546.1000 1603.8000 1467.4000 1485.7000 1029.7000 696.6000 607.4000 971.0000 1182.6000 1007.2000 794.9000 739.1000 743.5000 679.9000 468.7000 681.7000 720.9000 579.5000 964.0000 1441.3000 1401.4000
1212.2000 1191.6000 1079.3000 1066.9000 1123.7000 1175.5000 1221.5000 1303.2000 1349.8000 1344.3000 1272.9000 1252.8000 1248.8000 1198.7000 1186.4000 1219.2000 1429.9000 1633.1000 1746.0000 1834.7000 1762.1000 1748.1000 1640.6000 1631.0000 1343.0000 669.2000 484.1000 454.3000 440.2000 293.6000 476.1000 470.2000 224.8000 506.3000 745.9000 450.9000 791.9000 1011.8000 1182.9000 1528.2000 1796.1000 1551.9000 1446.4000 1394.3000 1716.2000 1672.9000 1455.9000 1002.1000 655.7000 744.0000 1301.0000 1397.8000 1143.6000 908.6000 734.9000 754.2000 799.2000 521.8000 502.7000 817.5000 576.2000 890.6000 1183.9000 1221.4000
1317.2000 1310.8000 1296.4000 1282.8000 1252.9000 1168.9000 1172.3000 1219.8000 1268.1000 1277.5000 1227.3000 1182.7000 1188.3000 1183.7000 1187.4000 1319.9000 1787.2000 1913.8000 1887.1000 1867.8000 1827.3000 1793.3000 1698.1000 1581.2000 1435.8000 1226.2000 770.7000 602.5000 374.7000 411.6000 261.8000 245.4000 402.5000 525.6000 967.3000 776.7000 809.4000 1255.3000 1693.8000 1713.9000 1753.1000 1696.0000 1724.4000 1439.0000 1451.4000 1766.2000 1705.5000 1095.8000 711.8000 1057.7000 1630.9000 1654.8000 1320.2000 1106.8000 792.4000 681.8000 777.5000 868.6000 603.3000 541.1000 576.7000 774.3000 741.2000 750.8000
1365.6000 1329.8000 1326.3000 1325.8000 1377.4000 1342.3000 1206.0000 1178.9000 1204.4000 1244.2000 1265.2000 1202.0000 1178.1000 1187.5000 1249.7000 1593.1000 1935.8000 2082.3000 2132.8000 2046.2000 1900.7000 1862.6000 1862.6000 1735.9000 1554.9000 1440.5000 1431.9000 1250.7000 1058.9000 880.5000 393.7000 237.1000 401.5000 598.8000 1111.8000 1183.2000 1069.6000 1494.0000 1706.7000 1824.9000 1750.1000 1642.8000 1705.1000 1685.8000 1458.9000 1537.7000 1683.4000 1210.9000 855.0000 1322.3000 1697.9000 1538.5000 1407.7000 1033.2000 665.2000 482.4000 572.3000 747.5000 858.5000 462.7000 504.2000 569.2000 684.8000 697.8000
1329.4000 1267.8000 1218.7000 1249.3000 1255.3000 1307.7000 1303.8000 1201.5000 1170.7000 1186.2000 1206.2000 1232.7000 1332.4000 1533.3000 1610.6000 1704.7000 1787.4000 1832.0000 1935.1000 1922.8000 2054.3999 1823.8000 1680.9000 1836.6000 1838.4000 1674.5000 1551.4000 1465.9000 1366.7000 969.9000 484.2000 173.0000 297.6000 634.1000 1145.1000 1227.0000 1177.1000 1219.9000 1113.4000 1480.0000 1521.5000 1595.1000 1614.9000 1675.9000 1553.5000 1518.9000 1696.5000 1625.6000 1326.7000 1524.7000 1738.7000 1628.0000 1489.5000 939.0000 1079.1000 742.6000 443.2000 520.7000 595.4000 474.4000 446.5000 534.5000 826.1000 929.6000
1133.5000 1084.0000 1064.3000 1069.4000 1120.8000 1289.9000 1331.3000 1288.8000 1224.6000 1188.0000 1247.9000 1312.3000 1332.5000 1391.5000 1446.0000 1470.8000 1576.9000 1616.8000 1705.3000 1777.4000 1885.7000 1842.0000 1611.1000 1657.9000 1686.3000 1613.8000 1526.2000 1403.6000 1227.1000 766.5000 468.4000 206.7000 575.3000 1035.7000 1148.6000 1151.3000 1088.0000 787.0000 1007.9000 1493.9000 1582.1000 1545.5000 1641.7000 1759.7000 1661.2000 1717.8000 1838.9000 1811.9000 1606.9000 1752.9000 1600.7000 1537.4000 1319.4000 1189.4000 1410.5000 1174.0000 803.2000 630.5000 579.7000 452.6000 467.9000 572.0000 863.8000 1017.0000
932.0000 934.9000 942.7000 965.6000 1087.5000 1214.0000 1275.6000 1353.2000 1389.9000 1350.5000 1333.8000 1368.1000 1404.5000 1355.6000 1360.2000 1413.0000 1440.5000 1446.5000 1532.3000 1601.9000 1589.5000 1606.5000 1652.2000 1596.9000 1660.3000 1600.6000 1555.8000 1524.0000 1416.9000 1012.5000 523.9000 214.4000 584.1000 1037.7000 1092.6000 1062.4000 1015.2000 660.1000 881.8000 1492.0000 1878.4000 1863.5000 1761.3000 1841.8000 1762.8000 1804.4000 1885.6000 1707.4000 1639.9000 1622.5000 1546.5000 1380.8000 1343.7000 1367.6000 1496.5000 1439.1000 1120.1000 776.1000 666.5000 436.7000 416.7000 453.5000 821.2000 1013.3000
1016.3000 1024.6000 1017.7000 1058.7000 1050.8000 1075.4000 1188.5000 1280.9000 1356.0000 1398.9000 1397.4000 1403.9000 1355.3000 1357.6000 1384.9000 1357.9000 1333.5000 1141.7000 1232.5000 1317.3000 1211.2000 1055.2000 1364.2000 1143.7000 1033.1000 1061.3000 1147.1000 1205.9000 1207.6000 1027.9000 797.5000 331.8000 284.8000 739.7000 1128.3000 1126.3000 1073.1000 693.1000 654.5000 1217.0000 1596.7000 1767.8000 1839.5000 1674.4000 1469.0000 1620.1000 1827.1000 1631.7000 1586.3000 1493.5000 1440.7000 1370.0000 1382.3000 1493.3000 1531.9000 1517.6000 1302.3000 957.1000 645.8000 606.1000 524.8000 371.2000 521.7000 625.1000
1084.1000 1099.0000 1060.2000 1043.9000 984.0000 961.5000 958.4000 1074.4000 1287.3000 1321.6000 1319.6000 1385.2000 1384.6000 1345.5000 1405.4000 1383.2000 1105.2000 779.4000 605.7000 677.5000 652.4000 603.4000 685.2000 746.8000 559.1000 583.5000 606.6000 827.5000 1017.1000 739.5000 775.7000 564.7000 232.7000 444.7000 1024.1000 1181.5000 1219.8000 926.1000 434.4000 908.6000 1410.8000 1570.9000 1778.5000 1623.6000 1519.2000 1766.0000 1715.9000 1788.2000 1634.8000 1610.5000 1724.0000 1577.7000 1550.8000 1563.7000 1534.0000 1511.7000 1396.1000 1149.5000 871.6000 785.1000 543.7000 413.7000 368.4000 435.2000
1184.1000 1198.0000 1160.4000 1128.2000 975.0000 919.6000 907.6000 907.2000 1008.1000 1203.9000 1261.1000 1241.7000 1329.0000 1369.9000 1220.2000 917.8000 699.1000 536.0000 414.9000 375.4000 359.9000 353.7000 337.5000 312.0000 282.5000 292.9000 281.1000 373.4000 410.0000 320.5000 304.5000 401.1000 400.0000 247.6000 754.8000 1042.7000 1112.5000 1017.2000 537.8000 587.3000 1083.3000 1356.8000 1552.9000 1419.2000 1578.6000 1657.2000 1691.3000 1754.6000 1652.7000 1589.3000 1652.3000 1667.8000 1654.9000 1715.2000 1668.4000 1553.7000 1305.8000 1117.0000 1021.9000 954.1000 707.9000 647.3000 510.9000 408.8000
1225.0000 1161.1000 1116.6000 1121.9000 1000.3000 916.3000 898.2000 888.9000 886.6000 932.8000 1062.3000 1167.9000 1310.3000 1446.9000 1373.4000 1243.1000 1231.8000 923.7000 528.1000 539.3000 554.5000 485.3000 542.4000 424.0000 426.5000 551.4000 332.9000 299.3000 330.0000 338.5000 451.1000 221.6000 217.8000 178.9000 557.0000 806.0000 787.8000 724.1000 564.7000 424.1000 761.9000 912.5000 877.6000 1260.6000 1546.7000 1436.9000 1558.5000 1551.2000 1763.5000 1684.0000 1475.6000 1583.5000 1649.0000 1635.3000 1602.1000 1451.6000 1171.8000 1097.8000 1086.0000 1083.8000 1002.4000 1071.9000 939.2000 524.9000
1031.1000 1001.2000 1001.2000 1010.6000 967.9000 921.1000 897.5000 888.7000 881.9000 889.8000 990.5000 1137.0000 1328.9000 1432.6000 1432.8000 1365.4000 1400.3000 1219.5000 989.8000 809.1000 770.0000 821.7000 662.5000 730.0000 784.6000 892.6000 633.3000 570.9000 610.1000 825.5000 919.2000 425.9000 368.9000 357.6000 205.2000 389.8000 533.5000 527.7000 449.6000 354.0000 473.9000 544.9000 781.1000 1119.0000 1268.0000 1143.8000 1317.5000 1496.6000 1658.6000 1610.8000 1476.5000 1468.4000 1657.5000 1668.6000 1533.7000 1281.5000 1128.1000 1134.9000 1180.1000 1184.9000 1192.5000 1227.8000 1057.7000 658.9000
956.5000 927.1000 945.8000 981.1000 1084.6000 1023.9000 969.6000 938.4000 915.0000 882.7000 887.6000 1076.9000 1308.3000 1431.1000 1543.0000 1573.5000 1481.1000 1394.5000 1395.3000 1348.3000 1314.1000 1252.4000 816.0000 938.4000 1240.9000 1074.5000 965.8000 993.3000 634.9000 1030.9000 948.6000 504.6000 507.9000 505.0000 432.0000 332.3000 200.7000 399.7000 385.5000 266.7000 531.4000 650.2000 790.2000 849.5000 925.0000 799.3000 1034.2000 1177.0000 1338.4000 1451.5000 1488.8000 1274.2000 1431.0000 1539.4000 1244.0000 1003.0000 1038.2000 1079.8000 1143.9000 1139.4000 1130.0000 1175.4000 1073.7000 897.3000
990.7000 919.1000 904.4000 932.0000 1059.4000 1073.5000 1012.8000 1023.3000 1042.5000 948.5000 880.3000 950.9000 1160.2000 1348.9000 1454.4000 1497.0000 1515.1000 1495.8000 1418.5000 1405.0000 1445.5000 1511.8000 1466.0000 1416.6000 1541.8000 1397.6000 1345.4000 1369.5000 1131.4000 1306.8000 1334.4000 839.8000 664.4000 549.1000 530.4000 517.5000 375.1000 216.5000 264.9000 228.0000 461.4000 558.3000 701.4000 711.9000 667.4000 655.9000 867.4000 1029.2000 1140.1000 1204.1000 1166.1000 1093.5000 1220.5000 1152.9000 888.0000 907.6000 1044.5000 1075.7000 1151.2000 1200.4000 1191.8000 1127.7000 1056.2000 979.0000
1024.3000 919.4000 972.5000 962.6000 971.9000 1043.4000 1070.3000 1081.5000 1132.2000 1129.2000 957.7000 886.4000 936.2000 1135.2000 1320.5000 1387.6000 1401.0000 1411.8000 1431.5000 1360.3000 1342.7000 1402.3000 1439.6000 1444.9000 1421.8000 1412.0000 1388.5000 1504.9000 1614.1000 1603.0000 1434.5000 984.6000 800.7000 716.6000 642.8000 591.8000 569.6000 466.3000 423.8000 309.2000 330.6000 512.8000 563.0000 577.4000 504.7000 466.9000 672.3000 818.9000 970.0000 964.3000 992.1000 1059.2000 1025.2000 953.8000 875.4000 869.7000 1021.9000 1123.9000 1224.0000 1264.2000 1232.5000 1302.5000 1272.1000 1066.7000
877.6000 1038.2000 1120.3000 1038.6000 1042.5000 1059.1000 1059.0000 1087.9000 1079.9000 1151.7000 1116.9000 935.0000 928.6000 1015.9000 1109.3000 1256.6000 1326.9000 1345.2000 1373.2000 1406.9000 1275.7000 1240.9000 1291.6000 1305.6000 1340.3000 1316.6000 1390.3000 1401.0000 1442.8000 1537.0000 1391.4000 973.7000 914.8000 898.5000 869.0000 863.9000 820.9000 757.4000 670.5000 579.1000 235.7000 462.0000 396.3000 432.7000 385.1000 308.8000 379.5000 538.2000 595.9000 762.9000 1040.1000 1008.9000 1227.2000 1363.0000 1148.2000 890.8000 996.3000 1207.5000 1397.4000 1331.2000 1249.1000 1279.1000 1263.4000 1177.3000
893.6000 986.5000 1073.9000 1014.4000 999.4000 1000.3000 1024.6000 1060.4000 1051.0000 1045.6000 1042.6000 911.0000 988.7000 1107.8000 1127.9000 1144.2000 1191.0000 1249.6000 1274.3000 1282.4000 1317.3000 1210.2000 1128.7000 1119.7000 1186.0000 1215.2000 1208.3000 1317.5000 1361.4000 1374.5000 1326.9000 978.1000 946.7000 947.3000 940.0000 884.9000 860.8000 859.0000 807.3000 638.2000 228.0000 293.8000 297.0000 212.3000 223.4000 225.4000 247.5000 314.3000 400.5000 538.2000 656.9000 816.0000 1238.9000 1558.5000 1179.9000 937.0000 928.9000 1183.8000 1354.4000 1326.1000 1242.1000 1232.4000 1254.5000 1196.5000
874.1000 1034.0000 1071.3000 977.8000 951.8000 958.3000 999.4000 1055.7000 1070.3000 1044.4000 977.5000 895.7000 985.2000 1053.5000 1101.5000 1111.4000 1147.2000 1156.2000 1160.0000 1130.9000 1181.9000 1242.4000 1123.8000 1010.2000 1005.9000 1044.9000 1083.2000 1148.7000 1177.2000 1104.2000 1036.9000 895.5000 921.8000 940.1000 923.4000 900.2000 868.0000 842.6000 809.9000 779.1000 446.4000 204.4000 172.4000 124.3000 152.8000 179.8000 223.1000 282.5000 361.6000 522.2000 833.7000 986.9000 1178.9000 1530.5000 1222.3000 938.4000 1006.9000 1124.4000 1243.9000 1249.8000 1210.3000 1196.9000 1246.5000 1152.0000
704.1000 785.7000 873.1000 824.5000 927.4000 926.0000 897.7000 940.2000 960.9000 992.0000 992.3000 950.5000 886.1000 920.3000 1003.4000 984.8000 1089.2000 1119.0000 1117.9000 1088.1000 979.1000 1059.3000 1138.4000 1044.7000 980.4000 926.2000 905.7000 919.7000 926.7000 899.5000 817.7000 852.3000 872.6000 838.4000 887.6000 852.4000 816.1000 776.8000 793.3000 762.8000 490.0000 278.7000 195.6000 111.6000 113.6000 152.0000 191.0000 241.3000 310.8000 486.5000 688.3000 1119.3000 1412.5000 1465.0000 1076.8000 889.0000 968.9000 1127.2000 1228.4000 1207.6000 1123.8000 1129.9000 1124.9000 1106.4000
638.2000 646.3000 642.1000 671.3000 722.3000 805.0000 789.7000 942.6000 1013.1000 997.9000 968.4000 943.6000 917.9000 904.7000 866.7000 925.5000 933.5000 882.7000 934.6000 976.5000 973.5000 918.0000 903.0000 984.5000 1021.3000 1004.9000 846.5000 829.7000 810.4000 792.1000 768.8000 752.9000 742.4000 727.1000 821.1000 823.0000 796.6000 729.9000 738.5000 727.8000 657.8000 461.2000 457.6000 208.3000 84.1000 119.0000 148.3000 190.4000 283.4000 560.5000 884.1000 1068.9000 1281.2000 1136.6000 879.4000 813.5000 912.8000 1109.4000 1225.9000 1185.4000 1068.1000 1023.5000 998.0000 1035.7000
