dem_1k.asc
NCOLS 470
NROWS 445
XLLCORNER 4593478.6751383599
YLLCORNER 2181874.7325516599
CELLSIZE 1000.000000
NODATA_VALUE -9999.0000
[rows 252 to 279 of 445, columns 384 to 447 of 470]
923.5000 968.6000 868.7000 1148.9000 1219.7000 1280.3000 1347.3000 1213.7000 1073.1000 869.1000 1017.6000 1058.7000 1033.6000 1043.5000 1013.6000 1064.0000 1121.7000 1159.1000 1206.4000 1223.8000 1139.6000 1149.8000 1010.5000 886.5000 758.8000 879.3000 791.5000 708.2000 655.5000 606.8000 581.5000 641.2000 628.1000 601.5000 660.6000 731.4000 730.9000 750.3000 803.8000 842.3000 874.0000 952.7000 1095.8000 1110.0000 1054.3000 1096.7000 1099.4000 1107.7000 1060.6000 1060.8000 1043.4000 1010.8000 1041.6000 1046.3000 1052.1000 1049.7000 1077.1000 1109.9000 1080.8000 1075.1000 1076.4000 1116.5000 1153.0000 1095.1000
729.9000 917.2000 754.0000 872.5000 993.6000 1231.5000 1353.2000 1227.7000 915.4000 896.8000 1005.2000 963.7000 1008.5000 1006.7000 964.5000 1019.0000 1050.9000 1070.0000 1078.8000 1075.5000 1089.3000 997.6000 885.5000 854.9000 764.8000 890.6000 841.0000 785.6000 765.6000 727.9000 613.7000 592.4000 678.1000 660.9000 630.0000 667.2000 762.9000 829.8000 897.5000 1075.3000 1004.5000 1008.8000 1060.9000 1101.9000 1185.0000 1202.6000 1176.4000 1154.1000 1140.4000 1083.4000 1005.0000 996.2000 1030.5000 1049.2000 1034.3000 1048.1000 1049.3000 1041.7000 1083.4000 1086.2000 1084.7000 1103.7000 1177.8000 1123.7000
776.5000 887.1000 756.7000 988.5000 1150.2000 1265.4000 1391.1000 1204.7000 857.2000 939.7000 955.3000 900.9000 902.2000 913.3000 960.0000 986.3000 999.8000 981.4000 1008.6000 1002.2000 1031.3000 1035.2000 911.8000 937.8000 854.3000 898.4000 887.2000 835.3000 799.2000 746.9000 736.8000 725.2000 677.4000 750.5000 709.4000 695.9000 818.9000 890.7000 870.7000 989.0000 1056.9000 992.7000 1039.4000 1088.4000 1106.5000 1226.0000 1251.7000 1217.8000 1168.8000 1111.5000 1091.9000 1065.2000 1053.8000 1006.9000 1008.8000 1044.7000 1059.0000 1048.9000 1056.0000 1090.7000 1085.4000 1057.6000 1101.0000 1079.0000
704.1000 734.2000 769.4000 1084.7000 1095.5000 1258.2000 1249.3000 1153.2000 858.2000 1114.5000 968.9000 852.3000 959.4000 1039.7000 1022.4000 978.1000 954.4000 966.4000 970.6000 983.6000 1044.7000 1091.5000 1011.7000 989.5000 982.1000 978.2000 928.7000 883.0000 809.0000 781.7000 785.6000 780.3000 681.2000 763.4000 744.5000 770.3000 842.2000 915.5000 922.8000 919.9000 932.4000 978.1000 1045.5000 1124.2000 1105.2000 1132.0000 1243.4000 1219.1000 1202.4000 1169.1000 1148.8000 1178.8000 1140.6000 1086.2000 1078.3000 1146.8000 1183.4000 1153.9000 1107.1000 1106.1000 1087.1000 1086.9000 1055.8000 1082.8000
567.7000 583.7000 739.2000 988.8000 969.1000 1091.4000 1089.4000 915.4000 800.5000 1065.3000 892.3000 963.7000 1058.7000 1087.9000 1003.1000 980.9000 988.8000 1063.8000 1017.1000 981.8000 1011.5000 1019.1000 1047.2000 981.5000 996.9000 1036.7000 961.3000 919.5000 855.4000 835.7000 822.6000 820.3000 788.6000 734.2000 803.5000 815.0000 838.4000 849.7000 849.0000 901.3000 904.3000 919.4000 985.0000 1024.9000 1043.2000 1018.2000 1209.4000 1266.8000 1244.7000 1208.7000 1189.9000 1205.7000 1193.1000 1141.6000 1141.9000 1175.4000 1160.4000 1186.7000 1166.3000 1100.5000 1080.1000 1058.7000 1058.9000 1005.7000
641.7000 757.5000 904.4000 1024.0000 929.5000 1044.0000 1043.6000 940.8000 772.8000 807.6000 848.6000 967.6000 1022.0000 1069.1000 953.7000 961.3000 1030.4000 1046.7000 1008.6000 1027.8000 983.0000 963.6000 1013.3000 985.7000 948.9000 1002.5000 990.2000 940.9000 892.7000 855.4000 845.4000 839.3000 825.7000 789.4000 745.9000 822.3000 828.7000 783.7000 766.2000 850.5000 933.6000 893.2000 876.3000 881.1000 935.0000 973.9000 1071.3000 1226.6000 1249.6000 1237.5000 1254.8000 1182.6000 1195.6000 1175.3000 1170.5000 1136.9000 1110.8000 1135.9000 1143.2000 1126.2000 1119.8000 1119.8000 1074.4000 1004.9000
636.7000 780.2000 858.7000 948.4000 841.9000 915.3000 919.5000 939.5000 843.7000 778.8000 933.6000 992.4000 971.2000 1040.1000 1002.6000 931.5000 929.2000 940.5000 1037.3000 1016.0000 961.8000 945.8000 939.5000 958.4000 971.7000 968.7000 992.3000 975.0000 935.3000 876.9000 869.5000 856.6000 855.6000 863.3000 760.6000 740.8000 797.6000 818.9000 807.5000 825.4000 970.0000 1057.7000 845.9000 841.7000 900.7000 981.0000 1049.3000 1049.6000 1034.6000 1076.2000 1193.7000 1149.4000 1161.3000 1142.9000 1127.0000 1119.8000 1101.9000 1100.7000 1121.9000 1142.6000 1164.4000 1147.0000 1093.0000 1037.0000
610.7000 665.6000 730.4000 794.2000 762.4000 812.7000 926.6000 772.4000 837.3000 1071.0000 1005.0000 939.9000 969.4000 1060.3000 1075.9000 932.2000 938.8000 983.9000 1004.6000 1031.1000 983.5000 960.9000 953.8000 982.3000 1009.1000 976.7000 1032.4000 1013.4000 984.9000 920.5000 911.1000 880.5000 882.5000 888.7000 823.9000 750.4000 756.0000 760.7000 785.0000 801.1000 858.5000 937.2000 822.3000 790.2000 814.3000 875.5000 957.9000 966.2000 981.1000 1102.7000 1138.3000 1104.9000 1068.2000 1058.3000 1102.5000 1094.4000 1090.4000 1085.7000 1093.1000 1111.1000 1126.3000 1128.4000 1124.3000 1088.1000
592.2000 589.5000 647.7000 682.5000 698.3000 818.9000 948.3000 709.0000 1005.8000 1158.6000 933.0000 861.0000 978.8000 1145.5000 1138.1000 924.3000 972.3000 996.3000 1030.7000 1038.9000 973.2000 1009.5000 990.0000 1041.4000 1059.5000 994.9000 1019.1000 1004.6000 950.3000 946.4000 948.8000 903.9000 890.0000 879.6000 826.4000 789.6000 804.4000 860.4000 874.0000 786.7000 754.9000 776.5000 764.3000 763.2000 774.3000 802.0000 837.7000 937.6000 1064.9000 1140.2000 1174.4000 1178.3000 1094.0000 1018.2000 1042.0000 1089.8000 1101.5000 1091.5000 1120.6000 1133.4000 1120.7000 1151.7000 1156.8000 1150.9000
553.2000 578.9000 614.3000 655.6000 669.1000 834.8000 876.2000 699.4000 834.5000 883.8000 780.8000 932.6000 1009.4000 1039.6000 990.3000 1106.2000 1006.8000 1056.4000 1053.3000 1023.0000 943.3000 979.1000 928.4000 973.8000 1073.5000 1084.1000 1018.9000 948.6000 910.8000 899.0000 903.5000 905.8000 858.2000 856.5000 791.2000 770.8000 824.3000 828.9000 864.2000 919.5000 832.0000 767.4000 727.7000 765.8000 750.9000 828.4000 916.3000 907.4000 985.1000 1109.4000 1190.3000 1250.6000 1212.9000 1118.8000 990.4000 1034.8000 1107.6000 1106.0000 1133.8000 1158.4000 1152.4000 1169.7000 1169.7000 1124.9000
528.9000 548.9000 578.1000 581.9000 627.5000 748.8000 794.1000 709.4000 652.2000 725.5000 957.6000 1049.3000 985.5000 893.3000 1191.2000 1179.6000 1105.6000 1101.5000 1138.3000 1034.4000 897.7000 823.4000 859.5000 945.9000 1036.7000 1052.5000 1008.9000 951.1000 888.5000 861.4000 903.0000 864.3000 878.3000 847.3000 803.7000 767.1000 851.7000 826.4000 849.7000 881.2000 841.4000 811.9000 743.1000 733.2000 738.8000 757.2000 980.3000 1009.3000 1007.5000 1006.1000 1106.6000 1108.4000 1138.9000 1107.9000 1006.1000 993.8000 1000.1000 1091.8000 1173.4000 1204.9000 1201.4000 1153.2000 1139.3000 1108.9000
531.9000 548.8000 573.5000 590.1000 676.1000 728.3000 714.1000 713.6000 661.8000 837.3000 1031.8000 988.9000 901.2000 946.8000 1272.2000 1317.7000 1152.9000 1172.0000 1177.6000 921.6000 826.2000 833.6000 1034.4000 1070.3000 1025.3000 1034.1000 1048.5000 1001.1000 946.0000 868.1000 874.0000 862.4000 849.0000 824.7000 810.9000 802.9000 788.7000 831.7000 836.5000 840.0000 839.0000 861.8000 780.7000 732.9000 732.7000 766.2000 870.6000 971.2000 1028.0000 1027.9000 969.6000 976.4000 1009.4000 1022.6000 982.3000 960.8000 1003.8000 1015.2000 1126.0000 1244.1000 1290.3000 1289.9000 1243.5000 1254.6000
580.6000 515.0000 582.1000 638.7000 682.2000 725.8000 685.2000 662.9000 828.5000 869.7000 978.4000 964.4000 925.8000 890.3000 1243.4000 1411.5000 1264.8000 1147.1000 1101.5000 891.9000 796.7000 868.7000 1029.6000 1149.4000 1088.4000 1063.3000 1108.1000 1062.7000 995.5000 968.0000 905.3000 918.4000 883.5000 838.5000 823.0000 827.6000 832.4000 809.8000 823.6000 879.7000 884.6000 878.4000 824.8000 770.3000 823.0000 797.0000 792.3000 874.2000 954.3000 1011.9000 1008.4000 926.9000 1006.7000 1002.1000 970.0000 981.6000 971.0000 1037.7000 1048.4000 1151.8000 1282.1000 1335.2000 1341.0000 1394.3000
578.6000 515.0000 613.0000 695.6000 627.7000 611.1000 572.8000 716.4000 935.7000 1022.4000 1017.7000 945.9000 798.1000 925.7000 1224.6000 1352.1000 1250.2000 1050.0000 1069.8000 795.7000 879.4000 1009.0000 1048.1000 1053.2000 1055.9000 1017.0000 1077.8000 1160.1000 1079.8000 1059.1000 975.8000 891.6000 930.8000 918.6000 858.3000 845.5000 873.8000 849.6000 825.2000 868.2000 861.2000 864.0000 881.0000 799.6000 884.2000 959.1000 878.8000 815.2000 864.6000 938.9000 1004.2000 989.9000 961.6000 1015.9000 962.4000 1096.4000 1142.6000 1040.2000 1083.7000 1124.0000 1172.6000 1269.5000 1337.0000 1352.6000
498.1000 472.6000 588.5000 631.2000 560.3000 525.6000 514.0000 657.2000 865.6000 954.5000 998.1000 926.5000 813.7000 999.1000 1190.0000 1292.5000 1127.6000 977.1000 985.9000 740.6000 797.1000 844.1000 891.2000 944.3000 952.1000 1010.0000 1061.7000 1118.3000 1128.8000 1086.5000 1054.1000 942.7000 953.2000 958.2000 910.8000 892.7000 893.6000 861.0000 886.7000 875.9000 922.7000 913.6000 902.8000 903.7000 877.2000 948.2000 947.6000 900.8000 925.1000 942.0000 935.6000 991.8000 924.7000 936.6000 1029.3000 1201.2000 1228.5000 1180.1000 1030.2000 1086.4000 1044.3000 1109.5000 1226.4000 1297.3000
450.6000 469.1000 551.0000 581.6000 550.8000 489.7000 514.2000 581.7000 771.6000 916.4000 998.8000 905.5000 874.2000 995.5000 1095.7000 1145.2000 957.4000 928.8000 903.0000 737.8000 850.7000 1029.4000 993.5000 949.6000 971.0000 1079.8000 1062.4000 1188.4000 1118.5000 1037.4000 1027.5000 982.2000 966.1000 993.5000 985.6000 974.8000 929.2000 976.8000 960.3000 908.2000 946.3000 940.1000 938.9000 913.6000 906.4000 929.8000 947.3000 956.4000 907.2000 911.3000 882.2000 906.2000 921.6000 901.1000 969.0000 1094.7000 1134.9000 1149.3000 1043.6000 1011.3000 966.9000 1039.4000 1062.0000 1165.4000
567.1000 579.2000 499.3000 533.1000 562.7000 472.3000 479.4000 540.6000 725.0000 889.8000 965.3000 823.2000 887.4000 965.5000 1075.9000 971.0000 807.6000 888.4000 825.6000 736.8000 992.2000 1214.1000 1188.1000 1110.9000 1060.2000 1125.2000 1184.7000 1134.1000 1160.6000 1094.9000 1058.2000 1027.7000 1013.8000 950.0000 991.3000 971.6000 1138.1000 1081.0000 1047.7000 978.8000 976.3000 937.3000 950.7000 951.1000 964.4000 953.3000 941.8000 907.8000 891.5000 915.4000 919.3000 908.1000 879.9000 883.2000 903.6000 1020.3000 1063.1000 1088.1000 1095.2000 1007.0000 950.5000 937.7000 992.8000 1056.7000
532.3000 571.7000 468.3000 504.8000 534.3000 472.9000 473.3000 513.0000 603.7000 771.8000 869.1000 708.5000 776.9000 910.9000 946.1000 735.6000 765.9000 740.8000 709.7000 802.3000 1005.7000 1236.1000 1264.6000 1254.7000 1195.3000 1211.5000 1335.8000 1233.2000 1124.5000 1067.8000 1053.6000 1015.1000 990.9000 983.4000 983.8000 1132.2000 1193.4000 1161.3000 1161.8000 1095.6000 1086.0000 1018.6000 976.3000 995.3000 986.0000 971.0000 933.5000 897.3000 883.4000 904.7000 909.0000 918.3000 906.9000 923.4000 897.4000 947.3000 1021.5000 1070.1000 1077.4000 1065.3000 980.0000 877.7000 937.2000 1053.9000
420.0000 437.7000 431.2000 423.8000 465.0000 457.8000 475.6000 503.6000 562.4000 716.2000 748.7000 763.2000 1008.2000 1004.3000 887.4000 668.7000 684.9000 771.7000 791.0000 864.8000 1114.0000 1320.9000 1379.7000 1256.3000 1204.7000 1276.1000 1335.6000 1302.1000 1171.3000 1081.2000 1026.9000 991.1000 975.0000 952.1000 1010.7000 1156.3000 1215.7000 1252.4000 1285.4000 1250.5000 1178.1000 1123.0000 1063.3000 1043.1000 1012.5000 968.3000 954.4000 953.6000 904.6000 876.6000 897.5000 883.8000 894.9000 953.4000 919.3000 921.4000 964.7000 991.0000 951.3000 1027.7000 1062.8000 895.9000 896.7000 990.2000
444.0000 510.8000 543.6000 484.9000 423.3000 445.8000 507.9000 494.2000 546.7000 654.5000 649.0000 879.9000 1030.3000 952.6000 727.8000 698.6000 793.8000 953.7000 965.7000 873.2000 1094.8000 1184.9000 1223.3000 1146.4000 1267.3000 1317.6000 1373.0000 1371.8000 1327.0000 1235.2000 1123.9000 1085.9000 1042.7000 975.3000 1028.0000 1107.5000 1258.1000 1290.0000 1312.2000 1289.6000 1252.6000 1214.1000 1180.7000 1102.6000 1011.5000 964.3000 941.0000 1010.2000 940.2000 869.7000 877.6000 886.4000 915.4000 954.1000 899.7000 888.7000 922.6000 962.2000 942.3000 930.0000 977.2000 925.7000 1023.8000 966.5000
451.7000 553.2000 634.9000 561.4000 464.9000 434.7000 454.3000 478.0000 532.3000 633.1000 640.9000 934.4000 960.4000 737.8000 628.6000 856.0000 1005.6000 1034.8000 1047.2000 975.4000 919.7000 913.3000 972.8000 1056.9000 1122.3000 1227.2000 1260.7000 1347.9000 1352.9000 1285.3000 1270.8000 1164.1000 1082.0000 1039.7000 1075.0000 1066.6000 1187.5000 1232.3000 1226.0000 1305.0000 1340.5000 1331.1000 1259.0000 1190.7000 1081.2000 969.4000 911.3000 923.2000 903.4000 870.2000 860.8000 919.5000 915.7000 908.4000 903.6000 887.7000 892.1000 915.6000 979.9000 921.2000 929.5000 874.4000 1009.2000 1078.1000
468.1000 573.8000 633.3000 646.5000 551.8000 522.9000 438.8000 498.5000 495.6000 525.4000 665.4000 889.1000 767.3000 617.3000 777.5000 972.3000 1090.0000 1078.8000 944.4000 785.3000 902.9000 1186.6000 1305.7000 1174.4000 1108.6000 1243.9000 1290.6000 1318.9000 1288.4000 1270.0000 1316.5000 1183.7000 1142.2000 1086.9000 1061.3000 1030.7000 1062.7000 1123.1000 1269.7000 1284.5000 1285.7000 1296.1000 1253.1000 1164.9000 1106.9000 978.4000 877.8000 870.2000 862.9000 851.9000 853.8000 863.9000 908.6000 923.0000 907.8000 903.5000 910.7000 889.6000 939.7000 928.5000 871.9000 879.2000 918.1000 976.9000
484.7000 515.7000 597.2000 633.2000 607.8000 549.9000 442.2000 477.3000 524.0000 566.4000 699.9000 837.1000 722.8000 669.0000 846.3000 883.5000 1010.0000 880.5000 721.4000 883.8000 1212.2000 1396.3000 1430.8000 1378.9000 1336.9000 1270.5000 1273.6000 1264.4000 1295.6000 1347.0000 1379.7000 1279.7000 1183.7000 1074.9000 994.1000 999.3000 988.7000 1094.0000 1282.7000 1271.2000 1248.6000 1243.5000 1231.6000 1178.7000 1036.0000 937.8000 888.6000 916.3000 878.6000 840.1000 846.6000 843.7000 865.5000 908.2000 933.7000 925.3000 926.1000 940.1000 880.6000 931.7000 901.0000 830.8000 915.9000 913.8000
530.3000 479.1000 523.5000 541.3000 591.6000 574.8000 451.0000 451.5000 484.2000 474.4000 610.8000 780.7000 621.2000 725.3000 759.7000 917.5000 907.8000 693.9000 812.3000 1007.2000 1211.2000 1303.5000 1289.6000 1354.5000 1443.3000 1427.6000 1417.3000 1306.5000 1342.5000 1444.3000 1324.1000 1309.5000 1254.7000 1180.2000 1026.0000 1018.4000 978.2000 1154.2000 1316.3000 1264.0000 1261.8000 1261.9000 1218.0000 1192.9000 1067.8000 981.8000 960.5000 901.0000 903.2000 884.7000 840.5000 836.7000 859.0000 897.0000 962.1000 977.3000 953.5000 942.7000 902.5000 858.4000 891.8000 850.3000 837.1000 858.8000
596.8000 560.6000 530.9000 531.4000 562.5000 584.0000 548.5000 560.2000 535.2000 554.6000 509.7000 588.0000 602.9000 786.1000 754.0000 877.6000 732.5000 804.0000 971.9000 909.7000 1017.7000 1195.3000 1339.1000 1366.0000 1359.5000 1383.9000 1318.6000 1277.0000 1268.7000 1329.0000 1229.2000 1178.9000 1178.7000 1223.6000 1035.0000 988.2000 973.7000 1171.0000 1361.4000 1303.2000 1287.7000 1290.1000 1230.7000 1161.9000 1078.3000 1013.4000 1021.9000 958.6000 882.6000 927.1000 859.9000 836.1000 846.4000 876.4000 920.4000 979.8000 961.0000 964.9000 947.5000 846.8000 783.3000 752.7000 747.9000 751.1000
670.2000 659.3000 601.6000 577.5000 600.2000 642.8000 593.1000 729.3000 700.8000 690.3000 525.9000 480.9000 631.5000 743.7000 651.0000 799.9000 670.4000 891.5000 895.1000 844.9000 1073.2000 1235.6000 1280.4000 1298.7000 1275.6000 1330.6000 1263.9000 1262.3000 1234.6000 1237.6000 1214.5000 1158.8000 1144.7000 1139.1000 997.4000 989.9000 963.5000 1092.2000 1358.6000 1390.9000 1365.0000 1299.8000 1250.2000 1171.3000 1109.1000 1052.7000 1029.1000 982.9000 876.5000 865.1000 854.2000 838.6000 850.7000 874.5000 946.7000 975.4000 985.6000 1001.7000 1006.8000 926.1000 883.7000 849.2000 843.2000 710.5000
699.6000 772.3000 727.0000 651.7000 640.6000 664.3000 610.9000 648.3000 781.3000 803.8000 696.7000 554.0000 536.5000 594.7000 585.0000 570.5000 625.4000 778.2000 879.3000 775.0000 1042.8000 1126.1000 1189.0000 1156.9000 1144.7000 1223.1000 1291.3000 1276.9000 1230.8000 1154.8000 1117.0000 1018.9000 1076.1000 1066.9000 985.2000 914.2000 964.3000 1108.6000 1387.4000 1448.9000 1425.0000 1352.8000 1332.7000 1247.7000 1168.8000 1097.5000 1034.6000 992.7000 933.3000 880.4000 862.2000 869.5000 892.3000 944.1000 914.5000 958.1000 1005.9000 1051.2000 1035.0000 966.5000 935.3000 870.8000 819.9000 734.4000
845.6000 867.6000 840.0000 761.2000 715.8000 734.2000 673.6000 713.1000 712.9000 680.1000 725.9000 610.6000 501.8000 513.5000 520.5000 534.4000 577.1000 654.9000 706.1000 673.6000 803.5000 956.7000 950.5000 933.9000 957.9000 1057.6000 1184.8000 1191.9000 1165.8000 1098.0000 1013.5000 938.0000 918.3000 923.7000 916.7000 913.0000 996.5000 1106.8000 1285.4000 1489.4000 1477.7000 1439.1000 1420.2000 1327.3000 1207.4000 1147.3000 1062.7000 1042.0000 1000.7000 900.7000 900.7000 888.6000 906.9000 992.0000 941.2000 966.1000 1046.2000 1025.1000 1029.0000 968.0000 937.0000 939.6000 912.2000 856.6000
