dem_1k.asc
NCOLS 470
NROWS 445
XLLCORNER 4593478.6751383599
YLLCORNER 2181874.7325516599
CELLSIZE 1000.000000
NODATA_VALUE -9999.0000
[rows 84 to 111 of 445, columns 192 to 255 of 470]
161.0000 153.3000 130.5000 126.0000 117.6000 117.4000 116.7000 110.8000 102.7000 102.3000 101.4000 96.6000 93.5000 88.8000 93.3000 99.5000 103.0000 109.5000 104.7000 118.2000 117.6000 109.4000 99.4000 97.6000 97.3000 99.0000 97.0000 97.3000 99.3000 97.1000 102.8000 97.1000 98.5000 100.3000 105.5000 107.4000 103.4000 103.8000 105.3000 107.0000 101.3000 111.5000 108.7000 106.3000 110.3000 102.6000 105.8000 106.7000 110.0000 103.7000 96.5000 113.9000 137.8000 140.2000 116.5000 120.3000 137.3000 156.9000 157.6000 166.9000 155.2000 152.3000 152.8000 149.2000
139.4000 123.9000 115.3000 114.5000 113.9000 112.0000 111.4000 115.2000 105.4000 98.9000 98.4000 96.0000 97.1000 101.0000 91.7000 89.4000 90.4000 88.1000 91.2000 92.2000 91.8000 89.0000 95.2000 95.2000 94.5000 96.1000 97.6000 97.4000 93.2000 92.5000 94.5000 105.7000 103.3000 99.6000 101.3000 93.7000 99.5000 103.3000 100.2000 103.6000 98.4000 111.0000 118.8000 115.9000 116.4000 106.0000 102.9000 101.2000 99.0000 113.9000 105.3000 118.4000 133.9000 138.9000 124.6000 119.5000 151.9000 175.0000 184.3000 156.5000 140.0000 140.9000 139.8000 135.9000
121.2000 115.2000 110.6000 112.3000 109.4000 105.6000 108.1000 104.0000 99.9000 96.6000 96.2000 97.5000 95.2000 94.9000 86.2000 89.8000 96.4000 89.9000 98.4000 91.5000 87.6000 91.1000 95.1000 89.1000 91.5000 96.1000 103.3000 90.9000 92.6000 87.9000 86.8000 95.7000 94.1000 97.0000 89.8000 91.5000 98.8000 110.5000 117.9000 104.0000 94.5000 106.6000 103.6000 101.9000 109.8000 95.1000 98.4000 97.8000 107.2000 108.8000 96.8000 128.7000 125.0000 139.0000 126.8000 131.0000 162.0000 178.5000 176.2000 153.6000 135.5000 122.0000 125.6000 127.7000
111.0000 112.3000 111.2000 106.6000 108.0000 107.1000 102.5000 96.4000 95.4000 93.8000 94.5000 93.0000 92.6000 97.6000 98.2000 93.3000 96.3000 89.1000 81.7000 87.1000 88.6000 99.0000 91.2000 89.2000 91.6000 87.8000 96.9000 89.8000 88.3000 89.7000 90.5000 92.5000 88.5000 88.7000 92.5000 106.9000 109.3000 119.7000 142.1000 127.7000 102.8000 104.7000 103.8000 105.9000 100.2000 92.7000 94.0000 104.1000 96.7000 100.5000 94.5000 125.1000 115.8000 128.2000 123.4000 134.8000 146.9000 169.6000 170.4000 135.5000 146.8000 147.5000 143.6000 156.3000
104.7000 105.2000 106.3000 103.8000 104.8000 105.1000 102.7000 95.9000 95.6000 97.5000 96.0000 94.8000 90.1000 89.5000 95.9000 93.0000 99.3000 91.1000 89.8000 92.8000 92.6000 92.3000 92.0000 88.1000 93.7000 92.2000 91.2000 94.6000 90.8000 95.7000 95.7000 89.4000 87.1000 92.3000 96.6000 99.9000 119.8000 125.3000 151.0000 155.0000 155.1000 144.6000 137.2000 107.5000 110.6000 103.5000 95.5000 92.5000 95.0000 101.2000 109.4000 117.5000 121.5000 135.5000 127.9000 129.5000 159.4000 182.3000 155.8000 136.7000 164.9000 163.4000 161.0000 154.4000
107.2000 108.7000 103.4000 101.9000 105.0000 105.9000 103.5000 95.3000 95.8000 96.2000 95.3000 96.0000 91.0000 86.7000 91.6000 93.2000 94.7000 92.0000 93.3000 89.1000 87.7000 88.4000 88.2000 91.5000 95.2000 90.7000 86.8000 88.7000 95.2000 91.6000 94.1000 96.9000 90.3000 98.8000 107.9000 117.0000 132.6000 136.6000 153.9000 171.8000 164.1000 146.1000 156.8000 118.0000 102.1000 97.4000 96.7000 91.3000 92.9000 102.3000 103.3000 119.1000 120.1000 127.7000 128.9000 134.9000 145.7000 166.4000 165.5000 151.0000 172.6000 168.5000 137.6000 128.8000
110.5000 109.5000 110.5000 104.9000 101.9000 101.9000 100.3000 95.4000 95.4000 95.1000 94.2000 94.0000 94.6000 92.4000 90.8000 91.5000 90.4000 92.4000 90.9000 90.2000 90.9000 90.7000 86.1000 86.8000 87.6000 92.4000 98.9000 107.6000 105.5000 104.3000 90.4000 93.3000 96.8000 115.9000 123.9000 143.5000 153.4000 159.7000 165.0000 173.5000 177.8000 152.0000 156.3000 126.6000 142.7000 137.6000 120.5000 98.6000 103.7000 102.4000 99.9000 114.3000 133.3000 161.9000 162.1000 128.5000 135.0000 149.7000 162.4000 157.0000 174.8000 167.8000 159.5000 136.5000
105.8000 110.4000 109.3000 104.9000 110.0000 102.6000 98.7000 95.5000 94.8000 97.2000 94.4000 92.1000 94.3000 95.8000 98.8000 90.2000 87.3000 93.5000 89.0000 89.5000 89.1000 90.6000 93.4000 90.6000 93.8000 92.3000 94.5000 97.7000 100.9000 103.2000 93.2000 95.5000 98.7000 114.2000 127.1000 135.3000 147.8000 159.3000 153.7000 174.5000 174.4000 165.2000 133.3000 119.7000 128.9000 123.3000 104.9000 105.2000 102.0000 104.3000 103.1000 122.6000 143.2000 161.5000 170.2000 138.0000 122.1000 138.9000 163.0000 188.4000 180.9000 180.4000 165.5000 137.7000
106.2000 104.2000 104.0000 104.1000 102.2000 99.4000 94.1000 93.2000 97.4000 93.3000 93.4000 93.1000 98.7000 98.5000 99.5000 96.7000 94.2000 92.1000 93.4000 91.6000 89.2000 90.2000 93.2000 91.0000 87.1000 89.2000 93.0000 98.0000 90.6000 90.3000 92.4000 97.4000 98.1000 104.7000 113.1000 120.0000 124.0000 131.1000 135.8000 155.3000 155.1000 155.5000 138.9000 107.5000 103.9000 94.2000 103.1000 102.9000 103.4000 96.8000 94.5000 128.3000 157.8000 174.9000 196.2000 182.6000 180.1000 152.6000 173.8000 190.6000 170.6000 148.6000 138.3000 132.9000
106.3000 103.7000 103.0000 100.6000 99.9000 99.0000 95.2000 95.7000 96.3000 100.2000 94.8000 91.6000 95.9000 95.5000 95.9000 94.0000 95.0000 92.5000 89.3000 91.6000 89.4000 91.1000 87.5000 82.6000 87.2000 91.0000 95.8000 92.3000 95.1000 89.0000 92.8000 96.1000 99.8000 102.3000 107.1000 101.8000 109.3000 113.6000 119.1000 131.0000 142.9000 139.8000 124.4000 110.4000 102.2000 97.5000 108.6000 102.0000 101.8000 95.5000 114.2000 134.2000 175.2000 197.3000 201.9000 250.1000 211.4000 195.8000 172.3000 198.1000 192.9000 161.0000 136.8000 157.1000
104.7000 103.5000 103.4000 100.7000 101.9000 99.5000 95.1000 97.1000 94.5000 94.6000 94.2000 94.2000 93.1000 93.8000 92.2000 92.7000 91.7000 91.2000 89.9000 90.1000 95.2000 94.3000 92.8000 83.6000 84.7000 93.5000 88.1000 91.1000 96.1000 92.2000 92.2000 97.6000 94.1000 95.1000 97.2000 99.8000 105.9000 102.0000 102.6000 106.1000 118.5000 132.5000 129.4000 117.1000 97.0000 97.2000 99.6000 105.0000 101.5000 100.1000 123.5000 141.8000 171.9000 224.3000 225.1000 238.0000 217.5000 212.4000 189.7000 201.4000 184.6000 159.7000 153.2000 171.3000
106.7000 105.7000 105.4000 99.3000 100.3000 99.2000 93.5000 98.2000 96.3000 93.0000 90.9000 93.8000 93.7000 93.3000 92.0000 95.5000 91.6000 91.5000 92.3000 92.0000 92.0000 95.1000 96.1000 94.0000 85.6000 81.4000 85.9000 93.6000 89.3000 90.7000 92.5000 97.5000 94.0000 94.8000 92.1000 94.5000 93.3000 98.1000 98.6000 99.0000 107.8000 116.6000 134.9000 120.0000 105.7000 94.9000 105.0000 108.8000 105.4000 115.2000 143.3000 148.8000 167.7000 200.4000 243.3000 266.2000 246.2000 239.9000 227.4000 217.1000 221.6000 185.6000 195.0000 162.8000
102.5000 102.8000 99.4000 96.6000 101.5000 95.0000 95.8000 98.3000 99.4000 93.6000 89.9000 91.3000 94.2000 92.0000 92.7000 90.6000 91.7000 93.5000 92.3000 93.1000 91.1000 96.2000 97.3000 93.1000 91.8000 86.2000 87.9000 87.3000 85.5000 90.5000 90.5000 90.0000 93.1000 90.0000 88.2000 89.1000 88.5000 89.7000 90.7000 98.5000 101.3000 112.6000 130.6000 133.2000 110.5000 95.5000 108.9000 112.8000 110.3000 141.6000 142.0000 134.5000 184.1000 221.8000 260.7000 252.7000 288.7000 272.3000 271.4000 258.7000 230.1000 218.5000 217.0000 193.9000
105.4000 104.0000 99.6000 97.4000 98.5000 95.8000 95.0000 96.4000 96.7000 94.2000 92.7000 86.4000 93.0000 91.4000 92.5000 90.8000 90.5000 94.3000 93.8000 93.9000 89.2000 92.6000 94.9000 91.6000 89.2000 88.4000 85.2000 81.8000 88.1000 88.9000 89.7000 89.1000 89.2000 90.9000 92.1000 91.9000 90.4000 87.5000 93.7000 94.7000 94.6000 107.4000 126.1000 138.9000 107.7000 97.9000 98.9000 106.7000 110.1000 153.4000 149.7000 129.7000 174.6000 219.6000 262.6000 281.1000 271.7000 313.9000 286.9000 282.8000 247.1000 258.5000 222.6000 204.1000
117.3000 106.2000 100.8000 99.5000 97.3000 94.7000 92.5000 92.7000 93.1000 93.5000 92.4000 92.5000 90.7000 92.4000 102.6000 91.5000 91.7000 89.5000 94.9000 91.4000 86.7000 88.5000 87.1000 94.0000 91.7000 88.4000 85.9000 84.1000 88.1000 87.1000 87.3000 95.5000 91.9000 91.5000 97.0000 99.3000 93.6000 97.8000 95.1000 94.1000 89.9000 96.8000 123.4000 129.1000 93.3000 99.1000 94.2000 105.0000 101.5000 116.8000 133.0000 123.9000 166.3000 196.2000 270.3000 290.8000 276.8000 322.2000 328.2000 315.7000 298.9000 288.6000 237.9000 200.1000
118.9000 115.5000 108.0000 114.7000 101.6000 109.8000 106.3000 92.9000 90.8000 92.8000 90.8000 91.5000 91.9000 91.2000 90.5000 97.1000 92.3000 90.8000 92.5000 90.9000 84.3000 86.7000 81.5000 89.9000 88.8000 90.5000 90.0000 83.8000 85.0000 86.3000 86.6000 90.5000 90.6000 89.1000 87.1000 100.6000 104.6000 106.2000 98.2000 88.1000 96.4000 91.6000 98.5000 102.8000 93.2000 98.0000 97.6000 101.2000 91.9000 108.6000 112.3000 123.2000 144.0000 198.4000 250.5000 289.5000 258.8000 289.9000 324.1000 381.9000 360.5000 290.8000 228.3000 190.5000
124.6000 121.3000 113.4000 119.3000 119.7000 116.2000 107.4000 103.0000 96.1000 93.9000 94.3000 91.6000 85.3000 86.1000 90.5000 95.7000 94.2000 90.5000 88.4000 87.6000 84.5000 85.8000 85.5000 84.8000 86.1000 82.8000 88.3000 75.3000 77.5000 84.8000 88.7000 89.1000 99.7000 93.2000 109.0000 108.9000 100.6000 101.4000 101.6000 89.3000 83.2000 90.4000 89.7000 96.5000 95.1000 93.1000 89.0000 96.7000 97.2000 110.6000 127.1000 135.4000 137.8000 167.1000 205.0000 253.0000 247.2000 253.9000 288.8000 394.3000 386.5000 307.9000 287.4000 265.3000
121.5000 117.4000 121.6000 123.7000 121.4000 113.5000 107.6000 120.4000 104.4000 95.3000 90.3000 91.5000 87.7000 87.7000 95.4000 102.6000 98.1000 93.2000 100.9000 91.4000 85.0000 90.9000 89.1000 87.0000 83.5000 86.6000 87.7000 87.2000 79.6000 82.9000 87.5000 89.7000 105.5000 92.0000 109.8000 108.6000 101.9000 98.9000 100.9000 95.8000 91.7000 96.0000 85.9000 84.9000 87.5000 93.0000 86.8000 92.7000 97.7000 102.5000 119.1000 130.6000 136.3000 153.0000 158.0000 193.9000 228.1000 209.9000 257.9000 350.9000 402.7000 376.5000 371.2000 331.7000
123.2000 123.1000 121.1000 126.3000 130.0000 125.0000 117.6000 124.7000 118.2000 96.2000 92.2000 90.2000 88.7000 94.3000 96.2000 107.8000 101.9000 101.3000 105.3000 103.5000 96.4000 81.7000 87.8000 85.2000 82.0000 86.7000 81.2000 82.3000 87.4000 91.4000 89.6000 84.3000 84.4000 84.8000 110.1000 99.9000 102.8000 101.8000 102.6000 100.5000 106.1000 97.9000 99.9000 92.1000 86.4000 93.5000 93.9000 97.2000 98.9000 97.4000 116.5000 123.2000 128.5000 139.1000 156.1000 166.3000 190.6000 186.0000 229.1000 294.4000 363.6000 394.3000 434.6000 334.9000
150.3000 143.4000 145.7000 136.6000 129.0000 128.9000 126.4000 119.2000 104.9000 98.6000 94.6000 93.5000 90.1000 90.4000 92.2000 107.3000 102.3000 107.3000 100.9000 101.8000 102.8000 83.8000 83.1000 83.1000 85.3000 87.4000 87.5000 88.4000 88.5000 90.7000 91.0000 80.3000 78.8000 84.2000 106.7000 101.6000 99.8000 96.5000 95.1000 96.7000 102.5000 97.7000 92.3000 88.1000 87.5000 93.0000 96.7000 96.0000 109.1000 104.6000 115.8000 115.9000 125.7000 139.8000 152.4000 155.8000 179.6000 180.7000 165.2000 240.3000 302.1000 414.2000 415.0000 287.4000
184.8000 168.0000 160.9000 151.0000 133.1000 123.6000 123.1000 114.0000 112.7000 121.9000 114.4000 96.9000 93.7000 101.7000 102.1000 105.2000 109.8000 103.6000 101.3000 98.4000 98.8000 94.8000 93.6000 82.7000 88.3000 82.6000 85.1000 92.2000 86.8000 79.2000 89.3000 88.9000 95.8000 93.2000 95.7000 102.0000 95.1000 94.6000 100.0000 103.0000 92.3000 102.2000 89.9000 85.7000 88.1000 94.8000 93.3000 95.6000 105.8000 107.7000 111.6000 126.7000 125.4000 138.9000 157.9000 163.5000 158.6000 153.7000 164.7000 271.2000 259.2000 370.5000 370.6000 281.3000
192.0000 176.1000 186.9000 174.2000 141.2000 136.0000 124.5000 137.2000 126.5000 115.9000 112.0000 100.5000 94.1000 95.7000 104.0000 103.9000 106.5000 101.7000 105.0000 99.8000 98.5000 102.6000 95.5000 83.5000 86.6000 88.5000 89.7000 91.6000 91.5000 89.4000 90.7000 89.4000 94.0000 91.1000 88.6000 96.5000 104.9000 92.7000 98.4000 99.5000 95.5000 103.4000 93.1000 91.0000 89.7000 91.5000 88.5000 88.4000 93.3000 113.4000 125.6000 125.8000 142.5000 164.6000 173.7000 175.6000 136.8000 136.5000 177.6000 273.9000 244.8000 297.0000 261.6000 202.1000
204.6000 182.6000 185.4000 167.1000 159.4000 158.7000 150.3000 146.6000 152.3000 125.4000 130.6000 115.0000 101.0000 101.5000 104.8000 106.3000 100.8000 94.1000 105.9000 105.4000 104.8000 103.6000 103.0000 95.2000 85.8000 84.3000 84.8000 85.5000 85.4000 88.8000 89.2000 85.2000 92.0000 92.7000 88.0000 87.8000 91.2000 91.6000 91.4000 99.9000 99.9000 101.9000 98.5000 85.7000 84.0000 84.9000 86.6000 89.0000 94.5000 107.5000 122.4000 136.4000 145.9000 160.1000 171.9000 154.4000 162.4000 178.8000 191.7000 221.4000 238.7000 233.4000 209.9000 176.7000
172.5000 186.7000 194.5000 163.2000 176.0000 160.6000 140.3000 161.7000 167.3000 135.5000 136.5000 125.7000 120.6000 107.9000 100.9000 102.2000 94.7000 93.2000 101.7000 98.9000 86.8000 88.8000 96.6000 101.7000 104.7000 98.1000 93.5000 99.8000 88.0000 84.6000 85.2000 86.0000 89.7000 92.8000 89.6000 97.9000 93.2000 85.9000 84.9000 94.1000 96.8000 97.4000 96.0000 87.9000 88.3000 88.3000 88.2000 92.7000 96.9000 101.4000 109.5000 112.7000 131.0000 140.4000 151.1000 142.9000 178.3000 163.9000 172.4000 210.9000 201.1000 189.1000 169.3000 171.3000
158.8000 155.7000 174.2000 177.2000 164.7000 170.1000 166.2000 161.6000 176.6000 158.2000 142.4000 139.0000 124.4000 114.0000 103.8000 105.0000 95.2000 91.2000 94.3000 88.0000 82.3000 86.6000 93.5000 99.4000 101.9000 104.3000 97.1000 91.6000 88.5000 83.6000 90.7000 94.2000 92.8000 94.0000 96.7000 98.2000 99.5000 95.9000 94.4000 87.2000 93.8000 97.4000 88.3000 89.0000 87.8000 93.0000 96.2000 93.3000 93.8000 100.1000 103.5000 108.0000 118.3000 116.3000 141.3000 167.5000 175.6000 159.4000 169.3000 193.9000 168.6000 165.8000 142.9000 146.1000
172.1000 153.7000 150.0000 190.1000 191.8000 174.1000 163.4000 177.5000 165.5000 160.5000 154.7000 142.4000 139.7000 127.8000 111.4000 110.2000 104.5000 93.2000 94.5000 86.9000 84.2000 84.6000 86.4000 92.4000 88.6000 93.7000 102.3000 91.0000 84.3000 85.0000 91.9000 90.8000 90.9000 87.6000 92.7000 99.1000 97.9000 95.8000 93.8000 91.6000 96.5000 93.3000 87.2000 87.8000 91.1000 91.2000 91.1000 91.5000 92.0000 91.1000 100.6000 101.1000 104.7000 114.0000 153.0000 168.0000 130.2000 162.9000 166.2000 175.8000 164.6000 152.3000 143.6000 148.8000
148.3000 174.7000 162.0000 161.2000 156.2000 175.9000 163.6000 192.1000 184.9000 150.3000 151.1000 161.1000 147.6000 136.1000 128.8000 114.5000 117.1000 109.5000 103.9000 91.2000 88.1000 90.1000 88.2000 90.9000 91.1000 91.8000 106.1000 97.8000 89.4000 103.1000 92.0000 82.6000 95.0000 88.8000 87.3000 90.3000 89.0000 91.6000 88.1000 92.2000 96.9000 95.0000 91.4000 93.1000 89.4000 86.7000 87.6000 87.3000 94.6000 98.8000 97.6000 106.7000 117.8000 105.9000 114.8000 124.4000 113.1000 140.6000 176.1000 153.3000 136.5000 142.5000 175.0000 157.8000
153.4000 148.4000 175.2000 140.6000 152.4000 146.8000 174.1000 194.3000 179.4000 182.9000 166.8000 175.3000 152.6000 141.3000 130.0000 130.0000 118.9000 114.5000 108.6000 94.6000 87.4000 89.6000 95.3000 97.4000 95.4000 97.3000 98.2000 102.4000 104.7000 103.3000 94.5000 90.7000 94.3000 90.8000 87.6000 84.0000 87.5000 90.3000 89.0000 97.2000 102.8000 98.2000 92.9000 95.9000 87.0000 85.1000 88.7000 94.2000 107.3000 106.9000 106.1000 101.1000 107.4000 100.4000 104.1000 102.7000 105.9000 141.9000 179.7000 145.2000 136.6000 128.1000 177.4000 174.6000
