dem_1k.asc
NCOLS 470
NROWS 445
XLLCORNER 4593478.6751383599
YLLCORNER 2181874.7325516599
CELLSIZE 1000.000000
NODATA_VALUE -9999.0000
[rows 0 to 27 of 445, columns 128 to 191 of 470]
533.1000 455.3000 468.0000 433.8000 541.9000 597.6000 671.9000 591.6000 639.4000 804.2000 879.6000 865.6000 739.1000 764.0000 624.6000 632.0000 755.0000 801.6000 835.6000 827.5000 696.2000 676.4000 788.2000 754.3000 587.3000 594.0000 473.9000 503.3000 515.9000 410.3000 324.6000 294.7000 261.3000 238.9000 246.1000 244.7000 255.9000 262.4000 263.7000 253.1000 298.4000 267.8000 296.1000 292.4000 243.3000 249.9000 235.6000 256.1000 285.3000 250.3000 244.7000 235.1000 250.7000 273.5000 261.4000 239.2000 226.5000 236.2000 224.5000 212.0000 189.1000 176.0000 195.6000 230.7000
391.2000 395.1000 416.9000 482.9000 581.6000 572.4000 663.7000 573.4000 531.0000 693.0000 811.3000 799.6000 633.0000 692.7000 536.8000 703.3000 767.9000 715.7000 823.2000 874.9000 693.5000 754.6000 828.0000 737.4000 600.5000 503.0000 454.2000 459.6000 455.0000 404.5000 324.2000 357.5000 341.1000 286.9000 279.4000 241.3000 236.9000 244.2000 248.3000 255.5000 279.7000 260.1000 268.7000 277.1000 261.0000 253.0000 230.9000 238.9000 246.7000 241.7000 240.0000 236.4000 262.1000 269.2000 259.1000 258.0000 234.2000 257.1000 234.1000 213.6000 204.7000 183.6000 186.2000 204.9000
335.0000 324.1000 359.5000 442.7000 560.2000 537.7000 479.0000 561.1000 524.6000 592.1000 740.1000 712.7000 587.2000 586.4000 595.6000 835.1000 726.2000 618.1000 866.2000 903.3000 655.2000 630.8000 695.9000 633.0000 526.4000 442.6000 403.0000 421.3000 397.0000 381.0000 313.7000 342.8000 336.3000 316.0000 334.8000 289.9000 291.8000 240.9000 234.8000 252.6000 246.4000 274.7000 244.0000 247.5000 253.3000 240.6000 234.4000 221.6000 224.2000 218.3000 248.0000 224.4000 248.0000 250.3000 258.4000 288.8000 268.7000 238.3000 226.3000 229.4000 221.6000 188.8000 177.4000 183.2000
329.4000 374.5000 381.3000 420.5000 502.1000 429.2000 368.7000 376.6000 393.5000 436.3000 531.0000 512.9000 466.1000 449.9000 617.1000 757.0000 488.2000 514.9000 777.0000 837.0000 727.8000 526.2000 642.7000 598.0000 550.8000 471.7000 383.8000 377.0000 386.1000 328.4000 294.6000 342.2000 323.4000 303.1000 326.9000 289.8000 319.6000 309.0000 278.2000 253.8000 231.3000 242.1000 236.9000 242.3000 232.7000 233.9000 225.1000 228.5000 216.3000 215.5000 242.6000 240.7000 218.1000 245.0000 280.2000 283.3000 270.1000 261.4000 253.4000 258.8000 237.4000 212.4000 183.1000 176.9000
452.6000 621.4000 601.4000 427.3000 430.4000 500.8000 624.7000 451.9000 601.9000 459.4000 377.7000 486.5000 454.7000 375.7000 552.5000 628.7000 366.1000 366.6000 660.7000 702.5000 696.7000 474.6000 597.5000 515.6000 509.3000 424.3000 328.5000 308.1000 290.6000 266.4000 258.6000 280.7000 289.9000 283.8000 302.2000 288.3000 296.7000 317.8000 339.7000 287.0000 278.5000 232.0000 240.0000 292.4000 289.8000 241.1000 223.7000 215.4000 227.5000 216.4000 209.0000 223.5000 212.3000 238.3000 275.0000 256.8000 265.9000 279.1000 265.5000 236.0000 236.6000 222.3000 207.8000 172.3000
575.0000 519.4000 725.6000 662.1000 664.6000 736.4000 766.6000 508.3000 763.7000 666.5000 688.4000 651.8000 716.6000 641.2000 415.2000 515.0000 394.3000 462.5000 547.2000 587.3000 589.6000 445.2000 413.4000 370.2000 341.3000 287.0000 271.2000 271.5000 273.8000 269.9000 263.2000 261.0000 262.7000 253.5000 249.8000 242.8000 258.3000 271.9000 325.5000 340.7000 324.5000 278.7000 265.5000 287.2000 261.4000 239.7000 235.0000 254.0000 276.9000 234.7000 213.0000 209.2000 205.7000 222.6000 262.5000 251.2000 254.1000 262.0000 267.8000 243.8000 248.0000 221.7000 201.3000 202.6000
574.3000 548.7000 692.9000 719.8000 787.1000 795.9000 764.3000 551.6000 768.0000 788.9000 735.0000 676.5000 714.8000 688.0000 603.3000 401.3000 533.2000 434.6000 408.1000 433.1000 370.5000 313.3000 275.0000 272.9000 293.5000 331.2000 349.1000 315.1000 283.5000 278.1000 274.3000 271.0000 267.9000 253.3000 250.1000 244.0000 235.4000 233.7000 296.9000 315.2000 360.5000 307.4000 261.8000 265.9000 251.0000 265.9000 318.6000 302.7000 276.5000 255.7000 227.0000 216.4000 208.1000 210.7000 239.2000 240.1000 244.0000 257.7000 247.9000 265.4000 237.1000 247.2000 240.4000 237.0000
643.4000 504.4000 604.1000 701.2000 698.0000 609.2000 558.5000 493.8000 527.9000 575.6000 576.7000 530.0000 479.7000 435.1000 401.9000 382.5000 418.4000 324.4000 304.4000 315.7000 299.8000 282.0000 283.7000 296.5000 366.7000 380.8000 365.6000 356.0000 314.8000 285.4000 272.5000 273.5000 266.9000 259.3000 256.0000 252.5000 241.9000 225.5000 278.4000 311.6000 301.7000 290.0000 291.7000 284.5000 327.6000 342.8000 311.9000 287.9000 278.6000 261.5000 229.0000 218.3000 213.6000 199.4000 237.9000 233.3000 248.2000 253.5000 242.0000 269.6000 263.6000 270.4000 239.3000 225.6000
530.8000 581.0000 604.8000 622.8000 583.4000 556.6000 516.0000 542.1000 504.9000 557.9000 481.7000 435.3000 423.1000 405.1000 421.1000 404.1000 406.1000 336.7000 300.0000 312.3000 283.6000 288.2000 333.7000 420.0000 420.9000 453.8000 431.1000 427.3000 377.1000 339.3000 311.0000 272.9000 264.3000 261.9000 261.3000 258.7000 240.7000 230.2000 314.6000 281.4000 270.7000 290.3000 284.7000 336.6000 340.7000 326.0000 295.8000 270.7000 261.1000 256.2000 271.8000 239.1000 215.6000 195.8000 201.6000 218.6000 219.5000 234.9000 251.8000 269.6000 298.6000 273.8000 254.9000 253.3000
658.0000 609.0000 625.7000 656.6000 623.5000 572.4000 579.4000 593.5000 596.2000 572.9000 533.8000 532.7000 465.8000 494.7000 532.3000 543.6000 531.4000 543.4000 432.5000 376.5000 368.9000 387.5000 498.7000 546.2000 554.3000 600.4000 611.6000 630.5000 621.2000 603.5000 516.1000 339.0000 259.7000 260.1000 261.2000 263.9000 247.6000 226.0000 267.5000 263.9000 270.4000 270.2000 280.1000 321.6000 321.4000 309.7000 301.5000 297.3000 306.7000 299.9000 285.2000 262.8000 225.1000 204.4000 192.8000 210.6000 249.7000 250.6000 264.9000 288.2000 272.8000 261.8000 247.8000 244.5000
744.8000 746.3000 735.8000 749.8000 705.4000 661.3000 715.5000 745.0000 808.6000 816.2000 787.3000 666.5000 612.1000 815.7000 823.0000 845.6000 713.1000 784.0000 586.4000 682.5000 585.9000 621.9000 765.3000 670.3000 779.7000 835.6000 929.7000 978.6000 888.7000 693.7000 497.7000 323.2000 266.7000 255.0000 249.2000 260.0000 253.3000 225.5000 228.2000 236.1000 239.4000 257.3000 279.8000 309.2000 361.2000 329.7000 303.7000 282.6000 323.0000 320.8000 322.2000 278.9000 241.6000 211.7000 196.9000 202.5000 260.5000 248.7000 272.9000 281.2000 262.1000 262.2000 234.7000 245.2000
902.8000 870.4000 983.6000 917.8000 906.4000 829.9000 956.8000 942.0000 1072.0000 913.8000 798.1000 665.2000 771.7000 1052.0000 1086.0000 1063.2000 846.6000 825.0000 678.6000 940.6000 845.4000 913.1000 894.2000 814.6000 961.9000 1082.9000 1084.4000 901.1000 796.8000 658.3000 478.6000 311.6000 274.6000 262.6000 247.0000 252.6000 261.9000 238.5000 229.8000 224.6000 225.7000 227.6000 257.2000 305.6000 374.2000 363.0000 346.2000 297.5000 277.4000 290.2000 313.9000 282.0000 252.1000 209.4000 195.8000 199.2000 253.1000 231.8000 257.0000 267.5000 244.6000 255.6000 234.1000 225.9000
1038.6000 984.0000 1093.0000 1071.4000 988.1000 928.9000 1032.4000 1107.1000 1113.7000 1003.2000 896.7000 833.1000 939.2000 1183.6000 1174.2000 1085.2000 1068.6000 945.3000 771.4000 1069.9000 1139.5000 1172.6000 1130.6000 1071.3000 1136.8000 1028.0000 947.1000 762.1000 587.5000 520.2000 392.1000 308.0000 284.3000 257.3000 252.0000 251.5000 256.1000 240.4000 236.5000 224.3000 223.4000 225.3000 227.2000 239.3000 329.1000 346.5000 335.8000 336.6000 295.8000 257.1000 270.0000 273.1000 255.1000 214.8000 203.6000 203.2000 229.3000 246.1000 251.9000 246.1000 260.9000 226.6000 215.1000 203.2000
1153.2000 1108.8000 1248.0000 1281.9000 1163.8000 1106.7000 1110.9000 1309.4000 1126.4000 1168.4000 1024.6000 1076.1000 1185.2000 1283.6000 1229.3000 1243.5000 1240.2000 992.9000 909.7000 1197.5000 1291.3000 1186.7000 1160.6000 1080.5000 1064.3000 935.0000 769.7000 765.2000 628.3000 495.6000 376.0000 340.8000 299.1000 262.6000 253.5000 251.4000 252.5000 241.6000 242.2000 235.2000 229.4000 224.1000 218.8000 220.5000 237.0000 337.5000 316.0000 314.0000 301.3000 267.6000 246.2000 243.2000 257.2000 227.4000 202.6000 200.7000 208.4000 264.4000 228.5000 245.0000 258.3000 249.6000 242.8000 209.9000
1354.1000 1340.3000 1414.2000 1461.8000 1414.1000 1309.6000 1372.4000 1435.3000 1264.0000 1323.2000 1292.3000 1253.3000 1309.0000 1305.0000 1314.9000 1299.5000 1259.8000 1088.3000 1040.5000 1165.2000 1177.8000 1014.7000 1015.4000 921.2000 923.9000 881.4000 791.6000 661.9000 613.6000 538.0000 483.1000 425.1000 352.4000 284.4000 257.6000 250.7000 248.4000 246.1000 238.4000 239.3000 234.1000 230.3000 222.9000 220.0000 217.8000 246.4000 308.9000 283.5000 300.9000 305.4000 272.9000 238.1000 249.1000 243.9000 210.5000 198.8000 204.7000 233.0000 217.1000 238.9000 244.1000 234.2000 236.2000 244.2000
1390.6000 1482.0000 1387.7000 1309.4000 1292.6000 1229.3000 1357.8000 1494.0000 1373.7000 1340.9000 1322.1000 1288.1000 1304.6000 1290.2000 1275.9000 1243.2000 1175.6000 1107.8000 1129.2000 1097.5000 1098.4000 1049.9000 920.5000 832.1000 809.4000 759.8000 707.2000 681.1000 607.4000 512.5000 498.4000 451.4000 376.8000 308.9000 259.8000 252.6000 245.5000 243.4000 244.7000 250.5000 237.4000 233.7000 227.0000 217.3000 215.9000 211.0000 236.4000 268.5000 270.6000 309.3000 288.7000 246.1000 233.1000 266.8000 225.7000 203.2000 201.4000 199.8000 219.1000 238.8000 220.8000 237.0000 225.0000 240.1000
1190.4000 1331.4000 1193.5000 1117.2000 1092.4000 1251.0000 1382.8000 1493.1000 1404.3000 1357.0000 1344.4000 1281.8000 1285.7000 1287.7000 1296.0000 1256.9000 1177.2000 1171.9000 1160.2000 1073.6000 1037.5000 1001.6000 882.4000 825.1000 751.9000 719.8000 674.8000 588.2000 565.2000 536.4000 460.1000 379.8000 317.3000 277.7000 261.7000 251.5000 245.5000 238.8000 239.8000 245.8000 234.6000 237.1000 229.1000 225.8000 222.1000 212.1000 215.5000 241.1000 248.3000 271.0000 277.9000 261.1000 223.7000 252.9000 226.7000 211.8000 204.7000 200.0000 202.4000 212.7000 221.7000 261.3000 242.1000 221.3000
1196.7000 1067.8000 1008.3000 929.6000 988.9000 1184.1000 1311.4000 1431.0000 1427.9000 1386.3000 1395.5000 1327.6000 1224.3000 1301.2000 1300.4000 1257.8000 1204.0000 1205.4000 1162.0000 1027.9000 958.6000 953.2000 838.3000 792.2000 732.4000 693.2000 635.8000 551.1000 467.8000 449.9000 485.8000 372.7000 294.2000 275.3000 261.3000 257.0000 247.0000 236.2000 231.3000 245.0000 242.3000 230.1000 231.9000 233.2000 228.5000 229.3000 210.7000 211.0000 241.3000 237.2000 254.9000 268.9000 220.8000 218.8000 217.9000 205.7000 207.5000 206.1000 202.3000 199.4000 213.9000 227.6000 260.1000 247.3000
1032.1000 839.6000 912.7000 1076.3000 1224.0000 1117.7000 1175.6000 1315.9000 1456.1000 1456.4000 1442.3000 1277.5000 1147.9000 1240.6000 1247.5000 1224.5000 1205.5000 1228.8000 1179.0000 1043.8000 949.7000 868.8000 832.5000 786.1000 733.1000 721.7000 639.9000 651.7000 551.5000 396.6000 378.1000 310.1000 275.1000 267.7000 260.3000 262.3000 245.3000 236.9000 229.8000 234.8000 245.1000 245.5000 241.6000 231.9000 232.2000 223.9000 226.3000 211.8000 204.6000 220.7000 221.0000 222.0000 210.3000 207.6000 208.2000 204.3000 202.6000 197.9000 193.9000 198.9000 193.4000 189.7000 192.1000 186.7000
833.5000 940.9000 1153.5000 1233.7000 1355.5000 1370.0000 1392.7000 1396.2000 1386.3000 1326.9000 1261.5000 1237.1000 1215.6000 1052.5000 1046.8000 1105.3000 1207.6000 1225.3000 1224.2000 1106.6000 1000.4000 880.8000 816.9000 773.4000 692.1000 677.6000 609.6000 544.1000 472.2000 404.6000 353.3000 313.5000 284.2000 259.0000 258.6000 263.3000 243.2000 224.9000 224.9000 237.1000 242.2000 244.9000 239.4000 233.1000 227.0000 227.2000 222.1000 219.1000 209.4000 206.3000 212.5000 207.9000 202.4000 210.1000 208.2000 202.7000 204.0000 203.1000 199.3000 196.0000 193.6000 195.5000 192.0000 186.0000
721.2000 937.8000 1119.8000 1178.0000 1295.7000 1357.1000 1227.0000 1259.4000 1214.8000 1134.1000 1035.7000 1013.3000 1144.8000 1138.3000 921.1000 967.4000 1028.3000 1034.1000 1000.9000 1009.3000 901.0000 925.1000 881.2000 787.7000 621.9000 578.4000 532.4000 459.9000 438.9000 368.1000 292.9000 273.4000 266.0000 250.2000 237.5000 245.9000 244.1000 235.4000 230.3000 246.1000 234.6000 247.8000 247.4000 243.3000 239.5000 235.1000 214.8000 215.7000 211.7000 202.7000 203.2000 199.8000 200.9000 204.4000 210.2000 203.5000 206.5000 201.3000 199.1000 197.8000 195.0000 192.1000 191.1000 185.8000
759.3000 880.6000 898.5000 1039.4000 1140.5000 1196.1000 1109.6000 1195.1000 1130.1000 931.6000 875.3000 884.0000 970.9000 1042.0000 992.8000 877.5000 809.2000 754.5000 821.4000 851.9000 810.2000 748.6000 752.1000 721.2000 569.0000 577.5000 492.8000 404.0000 352.1000 326.1000 308.8000 284.4000 258.4000 249.4000 240.7000 238.8000 239.8000 237.4000 244.1000 247.3000 241.1000 227.7000 236.4000 242.8000 229.9000 230.5000 223.0000 219.6000 214.3000 205.9000 208.1000 203.9000 203.1000 217.2000 210.1000 207.0000 205.4000 197.5000 192.0000 192.3000 188.1000 187.1000 179.6000 191.1000
630.5000 687.9000 789.5000 861.1000 931.3000 953.5000 965.0000 1089.7000 1072.3000 1046.3000 828.3000 772.7000 877.6000 849.8000 842.0000 856.3000 818.7000 630.1000 700.8000 709.2000 700.4000 616.2000 602.1000 602.1000 491.5000 428.8000 400.2000 328.6000 297.8000 285.4000 306.1000 301.3000 276.5000 244.8000 241.1000 239.6000 234.7000 240.0000 239.4000 240.1000 236.5000 225.0000 229.3000 227.3000 229.7000 229.0000 223.5000 219.3000 221.4000 214.1000 209.5000 205.2000 199.1000 201.8000 217.7000 200.3000 202.9000 194.3000 186.8000 183.9000 189.6000 193.4000 199.7000 258.9000
642.0000 646.4000 658.5000 697.9000 765.4000 781.2000 768.8000 899.3000 895.6000 863.0000 817.8000 663.3000 796.4000 760.2000 747.3000 669.7000 672.5000 619.7000 581.2000 608.8000 589.5000 502.7000 431.8000 416.2000 399.8000 352.2000 306.3000 292.4000 291.1000 281.8000 268.1000 265.6000 252.6000 237.9000 239.3000 238.3000 226.1000 235.2000 240.6000 238.5000 238.6000 225.8000 222.9000 217.8000 222.8000 216.5000 218.8000 218.1000 215.6000 211.6000 210.7000 211.0000 203.7000 201.2000 200.3000 191.9000 191.3000 191.3000 191.7000 185.8000 184.5000 223.4000 314.5000 311.7000
721.0000 725.3000 681.7000 643.6000 589.5000 599.5000 621.8000 676.4000 780.4000 780.7000 732.9000 682.0000 581.3000 631.1000 663.9000 590.5000 521.8000 532.1000 484.6000 495.2000 469.8000 406.9000 340.5000 322.3000 304.8000 339.1000 308.4000 280.5000 266.9000 263.0000 287.1000 258.8000 242.3000 238.8000 238.4000 234.0000 236.5000 234.4000 242.6000 237.0000 234.5000 225.1000 219.8000 212.0000 218.1000 216.2000 211.5000 201.8000 211.2000 199.5000 194.6000 209.9000 210.0000 202.7000 204.3000 200.0000 196.2000 192.0000 185.9000 192.7000 219.5000 237.6000 303.1000 257.3000
883.8000 925.0000 926.1000 826.6000 691.6000 587.6000 542.2000 537.4000 645.9000 626.6000 647.4000 617.9000 516.5000 566.9000 595.9000 498.4000 419.4000 410.1000 371.4000 371.4000 376.3000 354.0000 322.1000 291.8000 279.1000 277.1000 288.7000 268.9000 256.2000 247.8000 275.7000 268.9000 256.5000 237.6000 232.6000 231.3000 230.7000 226.5000 223.7000 221.6000 226.0000 222.0000 216.4000 211.6000 213.3000 204.7000 211.4000 212.8000 216.5000 215.8000 208.1000 202.1000 206.8000 245.3000 267.1000 258.3000 239.9000 202.1000 239.0000 256.0000 244.0000 227.2000 281.3000 278.8000
1021.2000 1097.6000 1137.6000 1126.5000 925.4000 676.8000 524.9000 490.7000 523.3000 555.2000 568.0000 611.3000 563.7000 440.6000 487.9000 492.5000 397.8000 344.8000 329.4000 345.5000 341.1000 376.3000 368.5000 324.8000 317.2000 292.4000 273.9000 262.2000 258.5000 251.6000 252.1000 270.4000 263.3000 239.2000 233.6000 233.7000 225.3000 220.6000 220.4000 227.4000 238.9000 234.5000 238.1000 235.6000 226.6000 253.6000 264.1000 264.9000 241.4000 224.7000 211.6000 214.8000 275.1000 283.9000 258.0000 246.4000 230.4000 215.6000 256.3000 241.7000 237.2000 222.0000 248.6000 266.6000
934.6000 1008.1000 974.9000 956.3000 837.7000 731.8000 545.4000 614.0000 764.5000 669.6000 548.2000 616.5000 550.2000 412.5000 391.4000 443.1000 434.1000 363.1000 320.8000 319.6000 318.9000 323.2000 346.3000 328.8000 319.4000 327.9000 307.6000 279.4000 270.7000 261.5000 241.4000 262.0000 280.8000 255.6000 247.0000 249.4000 252.5000 253.5000 269.1000 294.1000 294.1000 298.1000 288.8000 295.2000 287.2000 274.7000 239.1000 231.1000 219.7000 252.5000 257.5000 224.2000 280.0000 263.3000 251.9000 240.2000 237.0000 224.6000 257.5000 237.9000 224.3000 232.4000 266.9000 280.8000
